3.41662
7.90269
0.19986
7.96920
6.96665
4.77784
2.90936
5.84916
4.62124
5.85565
5.62648
4.60967
7.23260
6.06467
3.02899
6.36398
3.50036
2.14625
4.74237
6.02806
8.38286
7.91604
8.50377
1.61721
3.30986
0.02957
7.14878
3.94607
8.46615
5.86844
8.96280
2.66530
2.21456
0.31549
0.84699
1.78035
8.00428
3.47399
2.75582
8.70834
8.47909
1.44026
4.78933
3.61430
5.74407
5.92784
3.96319
2.92077
6.53384
1.94998
5.44384
2.73752
0.08810
7.03754
2.85276
7.73809
3.51686
7.90440
7.68852
4.07663
6.34267
2.12408
6.82331
7.55635
2.93402
8.96203
5.89413
7.36499
4.94677
7.83248
4.65567
3.88236
7.22441
1.86790
7.49580
4.40147
2.72110
7.85659
6.66154
7.60080
1.34078
6.61032
8.27442
2.17683
6.50181
5.08015
7.52806
7.61205
4.10495
8.08283
7.78844
1.65259
4.41692
3.87062
1.15832
3.18107
2.30858
8.27816
1.67250
3.83480